0 5000 4618 2367 5000 1004 1068 5000 5000 3582 4948 4038 3391 2522 5000 604 5000 4548 4894 5000 4624 2354 4899 499 5000 3815 5000 4074 5000 751 5000 4313 5000 5000 5000 5000 4604 4668 5000 251 
1123 0 3948 5000 4220 5000 3711 2060 3653 2073 5000 2925 233 5000 2299 5000 5000 5000 1962 3902 5000 2951 4537 5000 5000 5000 1420 2717 5000 5000 5000 5000 4715 5000 5000 5000 5000 1888 4639 2310 
5000 76 0 5000 5000 2327 4287 775 3946 3526 4355 3716 2416 5000 5000 5000 5000 2519 3639 5000 3288 5000 1231 5000 2097 5000 4532 1553 724 5000 2459 3829 5000 95 5000 5000 2651 5000 5000 5000 
1046 1993 5000 0 5000 5000 5000 1882 3177 5000 216 5000 3796 1917 378 66 1402 2864 1803 5000 2239 5000 5000 3158 4386 2760 5000 5000 4685 5000 5000 1282 5000 3074 4665 5000 1566 3330 3191 2900 
578 3516 2236 5000 0 5000 4757 5000 5000 2329 5000 2740 4981 5000 5000 5000 4527 5000 5000 5000 5000 5000 5000 5000 162 5000 5000 781 804 5000 2490 5000 5000 3709 5000 5000 5000 5000 5000 5000 
5000 5000 3337 5000 1773 0 3107 3307 5000 5000 5000 806 5000 5000 535 3645 4564 761 5000 2250 5000 5000 1827 2502 5000 1118 1137 4232 391 1544 2536 5000 5000 5000 5000 2951 5000 1955 2123 5000 
5000 656 5000 1384 2181 3375 0 5000 2354 3711 5000 2246 1469 3925 5000 1965 2466 5000 5000 4721 860 5000 5000 5000 5000 2883 1974 5000 2450 2681 5000 5000 5000 3536 5000 15 5000 4785 1732 4496 
5000 3495 3793 827 5000 4450 5000 0 2392 5000 5000 475 5000 5000 5000 2457 5000 5000 5000 485 5000 1578 962 5000 5000 5000 5000 5000 4491 18 3957 5000 5000 5000 5000 5000 5000 5000 4054 5000 
1505 3822 5000 2202 5000 8 4035 4050 0 1060 5000 2358 5000 1800 5000 5000 5000 1680 5000 5000 3598 735 5000 2138 5000 5000 5000 5000 5000 1631 1357 1477 2359 2741 5000 2004 1826 5000 3129 3365 
5000 893 929 5000 5000 2044 5000 4776 3562 0 5000 2670 5000 1405 878 5000 5000 5000 5000 5000 4043 2891 1918 5000 1084 2219 5000 5000 5000 2835 4522 2715 5000 5000 5000 440 856 5000 460 4592 
3940 5000 5000 2235 2752 1359 5000 5000 1103 3907 0 2139 4685 5000 5000 3613 5000 5000 3865 2209 5000 5000 2862 5000 5000 5000 3866 2375 2167 3456 2560 5000 5000 5000 5000 2674 5000 3803 5000 1004 
4624 5000 5000 5000 962 5000 4208 5000 5000 1843 5000 0 5000 5000 5000 1325 5000 5000 5000 4625 2074 5000 5000 5000 5000 5000 5000 1827 5000 5000 5000 3486 118 5000 5000 4328 1171 2096 1444 2374 
5000 5000 712 975 5000 2104 4479 5000 3078 5000 4493 5000 0 5000 5000 2374 5000 4530 3562 5000 5000 5000 1364 5000 1564 5000 5000 5000 5000 2434 5000 2209 977 5000 3796 5000 4055 5000 2872 2951 
5000 3906 3451 381 870 5000 5000 3522 5000 5000 5000 3310 493 0 1323 21 5000 4363 5000 2605 2344 2053 4447 5000 3305 5000 1983 411 5000 5000 5000 2015 5000 2691 5000 5000 4655 5000 1507 5000 
5000 3789 5000 1876 412 4149 5000 3916 5000 3897 5000 3167 2850 873 0 5000 5000 3362 88 2112 5000 5000 2642 3588 5000 2110 5000 5000 1638 3745 1525 5000 1732 3824 947 2595 5000 5000 5000 4909 
4198 33 3437 5000 5000 5000 279 4957 1043 2983 5000 5000 3678 5000 370 0 5000 4865 5000 5000 5000 704 2379 1817 674 1577 719 5000 5000 5000 4350 5000 5000 1152 4102 5000 2360 5000 350 4786 
3439 354 5000 5000 4371 2863 1783 5000 5000 4214 5000 4482 5000 5000 4597 5000 0 5000 5000 3234 682 1737 5000 5000 4201 5000 5000 3847 5000 3706 4425 787 5000 5000 3602 5000 5000 5000 5000 1029 
5000 3047 1398 3872 5000 5000 5000 5000 3644 5000 1527 5000 5000 5000 3316 5000 5000 0 5000 5000 5000 3986 2940 5000 4490 5000 5000 5000 5000 1903 4347 5000 5000 1086 2154 5000 5000 1294 4141 5000 
721 5000 5000 396 3685 5000 5000 5000 744 905 2565 5000 1019 1086 5000 4906 5000 5000 0 4928 1065 2964 2328 3803 5000 5000 2450 520 876 5000 5000 5000 5000 1628 1578 1526 5000 5000 5000 5000 
5000 3065 5000 5000 5000 5000 2976 3643 5000 1764 4958 5000 814 5000 5000 1501 2284 5000 4492 0 5000 1351 5000 5000 5000 5000 5000 5000 5000 4815 5000 5000 5000 3628 819 5000 5000 5000 5000 5000 
5000 5000 3470 5000 2749 5000 5000 5000 644 4526 2072 1343 5000 4191 5000 5000 5000 5000 2140 5000 0 5000 1242 5000 5000 5000 3413 2266 5000 5000 5000 5000 5000 5000 354 656 346 1751 56 5000 
557 84 5000 5000 797 4142 5000 5000 5000 421 5000 2402 5000 623 629 4515 5000 1130 2012 294 4562 0 1835 5000 5000 5000 5000 5000 4831 3839 4861 5000 495 5000 2189 5000 5000 4641 4491 5000 
3754 3132 5000 2774 5000 3606 5000 329 1130 4218 5000 5000 128 759 3009 5000 4807 487 1352 152 5000 1911 0 5000 3080 4609 5000 5000 428 5000 5000 3433 4716 2543 4593 5000 621 5000 2301 5000 
5000 910 2724 5000 5000 5000 2114 5000 3882 5000 2510 5000 5000 5000 1065 3587 245 5000 5000 5000 1719 5000 2626 0 5000 5000 5000 4595 2663 5000 5000 4039 5000 5000 1056 5000 3575 1369 4107 3781 
2175 5000 5000 1859 848 5000 5000 5000 4009 3643 5000 1294 3971 579 1153 2599 5000 5000 5000 5000 5000 4975 5000 5000 0 5000 2501 923 5000 2094 3723 4884 3331 1165 4130 1626 3886 798 5000 5000 
5000 4901 5000 5000 1895 5000 715 3889 4375 947 5000 3644 5000 2785 1647 2722 1081 5000 5000 2927 4626 5000 2127 2368 5000 0 5000 5000 5000 3122 5000 2416 5000 3414 3540 5000 5000 2483 5000 5000 
4296 5000 5000 5000 5000 5000 1561 2479 5000 5000 5000 5000 466 5000 5000 5000 5000 249 3151 5000 1384 4387 2898 5000 4227 4053 0 1599 1390 1051 4484 1774 1006 1388 2409 4424 5000 5000 4321 5000 
2270 5000 5000 5000 3321 5000 82 5000 5000 3203 5000 5000 4562 5000 5000 4384 3799 4894 311 4537 3596 5000 5000 3407 5000 5000 2838 0 3076 821 5000 5000 5000 5000 2397 74 5000 5000 3219 5000 
2143 182 3647 2531 3221 3168 5000 5000 5000 282 4286 3088 5000 5000 5000 5000 5000 5000 5000 5000 2685 5000 1959 3727 5000 378 1081 4577 0 4045 5000 5000 814 1116 5000 1447 5000 4014 1672 996 
5000 2391 5000 1179 5000 766 1681 1104 5000 2655 5000 5000 5000 5000 5000 5000 4260 5000 5000 5000 3567 5000 5000 5000 2716 2544 5000 5000 5000 0 5000 5000 5000 1264 512 4110 5000 1040 5000 744 
5000 1088 2168 2630 5000 1027 121 5000 4905 5000 2687 5000 5000 5000 5000 1401 625 1687 5000 5000 5000 2738 1499 5000 1711 1175 5000 4749 2775 5000 0 192 5000 1381 4696 4685 5000 2839 628 5000 
5000 5000 1423 5000 5000 4570 5000 5000 4773 5000 5000 5000 5000 5000 4755 5000 5000 5000 2323 1808 5000 3209 12 32 407 5000 5000 1615 332 5000 1746 0 1859 5000 4823 5000 2385 5000 5000 5000 
1738 3318 5000 2146 5000 2241 5000 5000 5000 5000 5000 4296 1216 5000 5000 5000 5000 3708 683 4696 5000 4387 5000 1894 5000 5000 1341 3392 5000 4732 580 5000 0 1547 2858 4117 5000 5000 331 5000 
5000 5000 5000 5000 5000 4686 4832 5000 5000 5000 4145 4648 1348 2486 5000 5000 5000 5000 5000 5000 5000 4293 5000 5000 1002 5000 5000 5000 3286 3872 5000 5000 375 0 5000 5000 5000 1575 197 5000 
1729 5000 3847 5000 5000 3095 1255 4233 5000 3507 4592 2520 105 157 1654 5000 5000 3805 5000 2100 5000 4485 1760 2593 3701 1181 5000 2667 5000 5000 2057 5000 5000 2314 0 5000 5000 5000 2315 5000 
1198 5000 1400 2256 1280 1507 5000 1952 4705 957 1495 1717 5000 5000 5000 5000 5000 5000 5000 5000 5000 5000 5000 5000 2064 4523 5000 5000 5000 5000 3624 696 2074 1329 5000 0 2032 2760 5000 5000 
3763 4870 3186 5000 5000 5000 5000 5000 5000 3706 3783 5000 5000 5000 5000 3933 1840 1131 2692 27 5000 5000 2415 5000 3792 2018 394 5000 3198 5000 5000 1054 5000 3152 5000 4369 0 1268 2045 5000 
2589 4787 5000 5000 5000 5000 5000 1389 1446 5000 832 2175 5000 1387 5000 4613 4294 5000 5000 3593 5000 5000 3829 857 5000 4572 771 5000 5000 5000 5000 5000 2280 5000 5000 622 1855 0 5000 2007 
5000 5000 5000 5000 1056 5000 5000 685 5000 5000 5000 3146 98 1998 5000 5000 4863 1008 4267 4965 5000 1179 3595 2380 776 1964 5000 3421 231 4135 5000 5000 1440 5000 5000 3171 2653 4844 0 5000 
1379 5000 762 4264 5000 3202 5000 3561 5000 3540 5000 2265 1496 5000 5000 1887 4743 4318 1592 5000 411 5000 4013 2648 5000 5000 1470 5000 5000 5000 5000 5000 626 5000 3949 5000 3474 2240 3600 0 